	hybridsequentialasp16100	pcasp3264100lru	hybridpcaspstride3264100	tournament64641002bitfpq8
400	1.0002683861033927	1.000184719242427	1.0003078274454313	1.0003286311750517
401	1.0000077534020662	1.0000067908230965	1.000008386572648	1.0000089204247262
403	1.0275694616988809	1.0314038007316761	1.036835207673553	1.0339653783606548
410	1.0057085545786508	1.0060664325329294	1.0056679107253572	1.0060758694971759
416	1.0	1.0	1.0	1.0
429	1.0095246361090227	1.0081650030594855	1.0119250423025128	1.0124744355462165
433	1.1095537089527538	1.111767692375086	1.111773998059827	1.1117755871169057
434	1.0000233904393585	1.0000461275520889	1.0000461275520889	1.0000461275520889
435	1.0003954943824362	1.000391897034215	1.0004044492606032	1.0004024741136037
436	1.807011923601667	1.9392059916194775	1.9399332313116675	1.9453371815739045
437	1.0057639408904524	1.00635959900064	1.0064257894794497	1.0075550031590197
444	1.0	1.0	1.0	1.0
445	1.0001511093366888	1.0001357059458698	1.0001727351853609	1.00017298203621
447	1.0	1.0	1.0	1.0
450	1.0144260134545389	1.01457185854335	1.0174771095733113	1.0176787781233494
453	1.0	1.0	1.0	1.0
454	1.0003667485750125	1.0003636967458067	1.0003806060884552	1.000370491367586
456	1.0000003318268782	1.0000003069668517	1.0000006193388704	1.0000006193388704
458	1.0002242176131395	1.0000484654649597	1.0000881278964167	1.0000812149115865
459	1.0196590750316645	1.021996646782857	1.0207271782633465	1.0225266725148914
462	1.0168271944615161	1.0168262565166903	1.0168262565166903	1.016824903538695
464	1.0001148978279344	1.0001018095972747	1.0001259098439947	1.0001081260019395
465	1.0	1.0	1.0	1.0
470	1.0102825415631405	1.0102586068757151	1.0102864874131927	1.0102649888524495
471	1.0215957408580774	1.0171290680989202	1.0253266756386674	1.029027810245121
473	1.041875747221654	1.040636337741872	1.0503001900667364	1.0469554011070183
481	1.0050436671922782	1.005304562351836	1.0048928644573816	1.0054565390653496
482	1.0225375456929016	1.0245939748757458	1.0263423347426315	1.0267223918538175
483	1.0141252938535141	1.0123857918858326	1.0162277505651467	1.0150036131290552
600	1.0003698442308666	1.000280155044525	1.0004522484864498	1.0004732988804081
603	1.000315294974769	1.0004306740358435	1.000430717004017	1.00043057235643
605	1.0089502870849405	1.0091495867343931	1.009965389740396	1.0107551530555579
607	1.0027619269977424	0.9999975139491264	0.9998946224587849	0.9999931790847411
619	1.0074229262817826	1.0073732461029783	1.0074257295294564	1.0073732979293621
620	1.0084247839860376	1.0063920043540355	1.0088212118130397	1.0100894229224904
621	1.0034877369835566	1.0036347883809997	1.003639133055257	1.003830169310117
623	1.0043847124328367	1.0044745117577372	1.0051735274342397	1.0045816156797123
625	1.0003310895523267	1.0003745060036473	1.0003834854689433	1.0003428500722107
627	1.002280064247883	1.0022315640799504	1.0023612913814774	1.0023365180666057
628	1.000926627510822	1.000877413283825	1.0009703800327678	1.0008821827917658
631	1.0000124233610088	1.0000111796161653	1.000016319673294	1.0000176099265958
638	1.0	1.0	1.0	1.0
641	1.0000402869068359	1.0000394261373453	1.0000447439802624	1.0000434261925555
644	1.0000197504737856	1.000019811254106	1.0000203028629786	1.0000196071723397
648	1.0	1.0	1.0	1.0
649	1.0169174099529237	1.0171657591101895	1.016108375303526	1.017201966448806
654	1.009990006504627	1.012664302916265	1.012882273647319	1.0144681673034666
657	1.0007996469706761	1.0004396522091379	1.0010456790889228	1.0010639109609119
GeoMean	1.0205597530274026	1.0220734714464206	1.022868901528654	1.0230469198172925
